
+------------------------------------------------+
|  Decomposição Própria de uma Matriz Simétrica  |
+------------------------------------------------+

Arquivo CSV criado com sucesso: Reconstruct-exampleInputFunc1.csv
A quantidade de Eigenfaces selecionadas para a variável K foi: 8

Matriz: Valores Próprios da matriz K ↓
________________________________________________________________________________________________
| 558,326	   0,000	   0,000	   0,000	   0,000	   0,000	   0,000	   0,000	|
|   0,000	 241,747	   0,000	   0,000	   0,000	   0,000	   0,000	   0,000	|
|   0,000	   0,000	 166,836	   0,000	   0,000	   0,000	   0,000	   0,000	|
|   0,000	   0,000	   0,000	 115,205	   0,000	   0,000	   0,000	   0,000	|
|   0,000	   0,000	   0,000	   0,000	  86,429	   0,000	   0,000	   0,000	|
|   0,000	   0,000	   0,000	   0,000	   0,000	  84,925	   0,000	   0,000	|
|   0,000	   0,000	   0,000	   0,000	   0,000	   0,000	  26,594	   0,000	|
|   0,000	   0,000	   0,000	   0,000	   0,000	   0,000	   0,000	  -3,063	|
================================================================================================

Matriz: Vetores Próprios matriz K: ↓
________________________________________________________________________________________________
|   0,339	   0,038	   0,469	   0,619	   0,309	   0,401	   0,142	  -0,065	|
|   0,360	   0,698	  -0,369	  -0,026	   0,118	  -0,111	   0,181	  -0,438	|
|   0,483	  -0,114	  -0,404	  -0,194	   0,402	   0,214	  -0,176	   0,566	|
|   0,331	   0,428	   0,530	  -0,179	  -0,360	  -0,233	  -0,250	   0,397	|
|   0,377	  -0,367	   0,352	  -0,602	   0,179	  -0,034	   0,170	  -0,421	|
|   0,295	  -0,310	  -0,098	   0,386	   0,068	  -0,616	  -0,476	  -0,206	|
|   0,300	  -0,241	  -0,147	   0,186	  -0,366	  -0,283	   0,721	   0,224	|
|   0,306	  -0,161	  -0,214	   0,035	  -0,655	   0,515	  -0,279	  -0,238	|
================================================================================================
Erro Absoluto Médio: 17,714

Funcionalidade 1 finalizada.
